3 2 5 4 1
      14
KO

5 1 4 3 2
      15
KO

5 4 2 3 1
      14
KO

3 1 2 5 4
      13
KO

1 5 2 3 4
      11
KO

3 5 1 2 4
      15
KO

4 5 2 3 1
      13
KO

3 5 4 2 1
      13
KO

2 3 4 5 1
      11
KO

3 2 5 4 1
      14
KO

92 82 7 53 88 67 70 36 98 48 9 90 93 58 68 55 24 5 94 30 47 15 37 38 73 54 64 44 60 26 29 89 8 46 41 74 66 14 10 11 34 49 13 65 99 69 50 56 19 4 25 40 33 18 81 39 96 75 86 6 22 72 1 78 28 17 61 84 97 76 71 63 21 87 45 2 16 57 23 51 31 35 42 95 43 62 3 59 79 20 12 52 83 77 100 80 27 32 91 85
     785
KO

10 15 55 30 84 49 6 77 87 88 33 54 93 57 66 81 83 75 29 28 32 86 47 82 37 36 13 65 50 40 25 44 11 68 24 35 1 85 97 94 64 53 59 4 5 74 42 79 72 3 89 26 39 43 2 9 78 38 96 91 14 90 19 80 61 46 18 22 63 51 41 52 60 27 99 73 34 71 20 8 48 100 76 67 31 17 56 12 92 70 58 21 95 16 23 69 45 7 62 98
     778
KO

71 74 15 58 89 29 62 88 45 24 77 99 92 28 20 75 70 34 44 84 73 51 14 6 12 65 4 48 1 2 64 7 61 86 49 8 66 50 96 52 98 97 25 67 13 22 82 18 31 37 68 55 53 5 17 54 47 40 60 39 35 72 33 38 32 85 93 9 57 81 19 63 26 78 80 16 100 43 90 3 94 10 30 23 41 21 36 46 69 83 79 42 87 27 95 59 56 91 76 11
     738
KO

72 95 12 37 59 11 97 29 99 84 52 16 60 40 20 85 13 51 82 27 44 22 55 25 46 50 3 68 41 9 69 98 24 8 100 53 66 83 76 18 6 48 74 26 34 33 23 79 77 63 58 30 86 42 49 1 36 89 47 91 71 14 90 5 80 28 21 94 31 73 96 15 67 19 62 7 57 10 4 17 70 93 35 65 43 81 54 45 32 87 39 92 61 38 56 2 75 78 64 88
     818
KO

89 82 29 68 43 3 24 87 33 63 70 51 34 50 88 95 20 6 40 90 60 73 5 12 23 96 11 21 32 85 79 86 80 22 81 97 45 16 83 65 84 46 59 55 92 91 42 31 17 58 30 98 39 2 57 41 47 36 9 75 1 72 35 38 4 52 48 7 61 44 27 49 15 25 77 10 54 26 69 19 8 37 14 66 62 56 93 13 74 76 28 94 100 99 53 71 78 18 64 67
     741
KO

12 13 57 62 17 95 97 80 98 67 7 4 6 45 21 8 48 86 85 63 87 94 26 82 42 38 58 52 72 22 88 51 35 49 33 40 43 25 61 79 3 73 39 46 36 81 92 68 2 64 9 55 29 18 23 30 37 69 54 99 41 78 11 70 77 34 14 84 32 24 19 96 93 75 16 44 89 83 53 20 90 28 5 65 31 27 10 91 60 47 74 59 100 71 76 50 15 66 56 1
     843
KO

100 84 20 78 25 44 5 93 3 71 38 66 11 50 32 77 36 65 59 64 73 91 54 49 47 82 62 85 13 98 29 83 22 7 58 72 37 61 23 45 87 17 24 74 26 57 95 56 79 55 76 14 52 88 97 92 89 96 51 63 99 48 69 80 35 86 33 21 43 70 75 46 39 81 15 8 31 1 28 27 68 4 90 94 53 30 60 34 10 6 67 42 2 18 19 41 9 12 40 16
     840
KO

96 64 50 10 91 81 11 61 86 34 47 69 2 9 78 83 68 95 29 93 73 36 85 21 53 54 41 49 22 31 25 24 97 51 62 35 63 58 16 33 99 6 40 18 14 5 48 32 52 43 84 87 94 76 60 57 12 70 98 3 80 26 92 13 8 4 28 44 89 7 15 1 74 66 100 65 82 23 38 56 19 27 90 55 20 59 46 42 30 77 75 45 17 71 67 39 88 72 79 37
     813
KO

84 73 41 97 98 18 13 85 38 56 23 47 58 44 24 64 92 40 19 90 30 39 78 49 60 54 26 43 61 3 37 1 31 53 15 10 2 4 33 35 94 88 7 34 79 12 62 77 16 96 21 5 86 69 80 20 81 65 68 95 59 99 83 45 91 70 71 52 6 51 27 9 29 14 48 67 55 93 11 50 72 87 32 100 42 76 8 25 74 82 28 63 17 75 22 57 89 36 46 66
     778
KO

18 7 90 11 55 61 12 69 73 44 52 71 59 20 23 62 65 27 40 81 49 48 41 83 80 97 24 30 14 45 38 92 36 16 26 76 50 60 98 6 78 3 2 89 43 87 8 22 47 56 66 67 25 100 31 70 57 34 32 86 46 4 88 15 95 54 96 64 9 13 99 91 84 28 51 37 72 5 68 63 1 39 19 17 29 33 35 94 75 93 74 42 10 79 77 53 58 82 21 85
     853
KO

4 5 1 2 3
      13
KO

5 1 2 3 4
      11
KO

3 2 5 1 4
      16
KO

3 4 5 2 1
      12
KO

3 2 5 1 4
      16
KO

3 1 5 2 4
      14
KO

3 1 5 4 2
      14
KO

5 3 1 2 4
      14
KO

4 3 1 2 5
      15
KO

3 4 1 5 2
      14
KO

